1.888834
1.888834
1.179892
1.6047852
2.608526
1.4463594
1.4623518
1.8573842
2.4692588
2.2365654
1.4647697
1.7183974
2.0807602
2.090187
2.727308
2.9075286
3.093207
3.2232854
3.050186
2.5742347
2.620272
2.620272
3.2347114
3.2914777
3.6026313
3.3706532
3.220667
3.212587
2.944639
2.9163582
2.934864
2.848521
2.535328
2.6050708
2.5797594
2.189419
1.7916967
1.6461986
1.3803538
0.8380629
0.9446262
0.675137
0.7817806
0.5065818
0.124822
0.07001773
0.17778906
0.41394624
0.5094905
0.3655284
0.5732198
0.53548557
0.6985024
0.5601724
0.5399608
0.41570875
0.43347856
0.4708312
0.4790015
0.6437132
0.68313044
0.8555079
0.7453426
1.0898688
0.92973274
1.0727098
0.59298927
0.7303105
0.6211177
0.7558161
0.7767661
0.55756396
1.0322031
0.64974415
1.4675572
0.9418833
0.5695848
0.7917745
0.8266015
1.3562535
1.6240332
1.9713196
1.862687
2.007524
1.4238442
1.821929
2.1871614
2.8947797
2.9913423
3.2821753
3.6860456
3.250191
3.40337
2.8420653
2.599193
2.6858747
2.4247854
3.3527057
2.855023
3.2194853
3.2621222
2.915209
2.9389145
2.3127835
2.7260725
2.6339195
2.6042593
2.2197323
2.786103
2.691254
2.9431207
3.4524689
4.3060613
3.6568015
3.8272254
2.9747374
2.3579457
2.7562106
2.207473
1.6612396
1.8304613
0.98958856
0.70801395
0.4037358
0.20193365
0.260397
0.39102128
0.092687406
0.0037602545
-0.39599708
-0.8521111
-1.0572748
-0.92580193
-1.4585607
-1.7153492
-0.9440736
-1.505506
-1.5538851
-0.7008375
-1.1451881
-0.8237812
0.6276922
1.4356699
0.28819665
-0.4179255
-1.1354488
-1.6322103
-1.5968179
-1.278797
-0.9688346
-1.0592849
-1.212455
-1.0071956
-0.73154014
-0.96143293
-1.0154808
-1.0080432
-0.722969
-0.900654
-0.82704574
-0.88943815
-0.78156
-1.4490271
-1.4743781
-1.4851711
-1.4059156
-1.4231323
-1.5560155
-1.8434842
-2.0055976
-2.1800375
-2.1186883
-2.221761
-2.4167054
-2.6730628
-2.6542838
-2.4852247
-2.540616
-2.4460132
-1.3301954
-0.13498524
-1.0382348
-0.61540776
-0.26517376
-0.8488609
-1.6597793
-1.7085143
-2.0379233
-0.29232487
-0.19049886
-0.3915197
-0.7503706
-0.43695334
-1.013612
-1.0356842
-0.8975965
-0.7735745
-0.61236894
-0.74605
-0.59978175
-0.7892951
-0.9265046
-0.8106713
-0.8995613
-0.8287629
-0.82727873
-1.407138
-1.6092725
-2.2917502
-2.27273
-2.5098028
-0.2928516
-2.5926027
-2.1148489
-1.1419734
1.9150479
2.6483178
0.84461385
-0.9053088
-0.8420033
0.6444744
1.9793413
3.1514335
-0.6763046
-0.38380423
-0.6451274
-0.44459167
0.3284777
1.1396421
1.7025114
0.8914516
-0.7746816
-0.8313882
-0.90861976
-0.4979302
-0.6059133
-0.60523367
-1.0859653
-1.4982711
-2.1455064
-2.1685798
-1.9442277
-1.4029171
-1.2294363
-0.20627913
-0.19129935
-0.50189584
-0.3463749
-0.4796218
-0.35972145
-0.21808377
-1.0004284
0.28021452
0.18276551
0.41370735
0.652774
0.6842485
1.023644
1.5300956
1.7988799
2.1387224
3.6312392
3.9751651
3.9018075
3.8986106
3.757065
4.0324006
4.350474
5.167411
5.447205
5.6820135
5.9950423
6.1891313
5.559387
5.8399787
5.842232
5.810842
6.21232
6.4203362
6.675429
6.877845
6.7999845
6.683228
6.6670446
6.7029552
6.6658835
6.8388815
6.6513677
6.5680523
6.665341
6.6236677
6.4984183
6.2344756
6.323218
6.1545167
5.8986974
5.721892
5.2967963
4.6231217
3.5403984
2.558042
2.3991504
1.8787208
0.99214405
0.90023506
0.0827866
-0.8065616
-0.3134748
-0.35199955
-1.2186079
-0.98958004
-0.96982634
-0.85262835
-0.7628677
-0.49634007
-0.3444133
-0.07762899
-0.2760643
-0.1599535
0.1586338
0.81966895
1.0137656
0.8584892
1.3035042
1.8104882
2.497849
3.215536
3.7898371
4.2154193
4.3789616
4.565314
4.903211
5.0240083
5.1359134
5.321511
5.4150047
5.7478347
6.4537754
6.6591105
5.942739
5.2687345
5.908135
5.8316827
5.8430777
6.5191393
6.954361
6.5087295
7.0213976
7.411325
7.100494
7.226593
7.481274
7.747209
7.450278
7.486733
7.0499196
7.2211013
7.046868
6.6787667
6.8306136
7.5279517
7.77552
7.6634545
8.379793
8.365536
8.623442
8.107949
7.202466
6.4892745
6.4705634
6.2013063
6.2681723
6.4459815
6.3008795
6.6110215
6.760305
6.7092667
5.7716007
5.7724066
5.608007
5.4077916
5.4187846
5.1909094
5.4512243
4.947461
5.1413684
4.169047
3.5823195
2.8080041
2.2634633
2.3237636
2.2272358
2.7119424
3.0357287
3.005194
3.064238
3.6506915
4.0239406
4.0553865
3.7361534
2.7477548
2.1525493
2.0416129
2.0061798
1.9658403
1.7739158
1.9863505
1.7363682
1.1629841
1.0422213
1.0539529
0.975265
1.0931909
1.2784609
1.5425535
1.4805009
1.645151
1.5781419
1.7750165
1.8622695
1.9688818
2.0475419
2.7505906
2.401126
2.133731
2.0768318
2.2714274
1.9318492
1.8220352
2.1689813
2.3382578
2.242564
2.5498106
3.0756912
3.179063
3.1807196
2.821688
2.7472413
2.7076023
2.8134315
2.2852097
2.536978
2.363852
2.0175757
1.9142153
2.2747433
2.5616796
3.0061252
3.411443
3.5181315
3.6919768
3.835643
3.1645849
2.9431245
3.1083443
3.1168034
3.2037137
2.9191968
2.8463774
2.5106027
2.440183
2.1052558
2.4977996
2.598939
3.0798824
3.4924295
3.3912332
2.8740518
3.5369632
3.5335932
3.1360955
2.9601457
2.393045
2.1624424
2.4531376
3.1135893
3.3487043
5.3758497
5.4743648
5.212318
5.0078073
4.660892
6.0910106
6.0535336
7.1795173
6.4499927
5.8881345
5.5282335
5.0165634
5.3767886
4.988343
4.204247
4.856542
6.060022
5.5495687
4.7340765
4.249488
2.353761
2.7958186
3.2378724
3.0933356
4.690017
5.053983
5.963692
6.5744343
5.857956
4.3494344
4.5717435
4.4497747
3.9285624
4.6659636
4.6659636
5.5306716
5.8510795
5.848161
5.8143964
5.8143964
5.9866138
5.9866138
5.0912814
5.0912814
4.623011
4.3312883
4.594806
5.052644
4.593727
4.3695674
3.5103452
2.7594795
2.7594795
3.4560103
2.949216
2.949216
3.6896613
4.1120415
3.9943664
4.78907
4.9675694
4.9107842
5.0431247
4.991634
4.4053593
4.4192977
4.013252
3.4278162
3.382077
3.6287131
4.071256
4.7669077
4.4330735
4.5502877
4.165902
4.040549
3.2359703
3.3071363
3.3975294
3.704134
4.004558
4.004558
4.907182
4.5479817
4.0963173
3.2306392
4.23104
2.7973392
2.1525915
1.1708788
1.3858373
0.7066873
0.7641645
0.8016292
0.8926326
1.7926531
2.2911127
1.2986108
0.88124746
0.7601541
-0.28214797
-0.25693086
0.7577044
1.8025603
5.011431
5.976961
5.4575853
4.3241787
2.3856883
1.6046652
2.0161805
2.8036118
2.936023
3.1398315
4.5818706
4.817713
6.736117
6.8281674
6.9569945
7.2170444
5.5319247
3.9653466
4.7147365
2.5400162
3.0751207
4.338303
4.5638347
3.947285
3.4129205
3.1172283
3.9550147
3.099876
2.324317
1.6623707
3.1192365
1.4319692
1.8737011
1.305935
1.3713993
1.221348
1.1606047
1.7204783
1.7157739
1.9896073
1.9228822
1.8717678
2.0736446
2.38005
2.8743045
3.2494948
3.2596495
3.6377022
3.7067776
3.092302
3.3828385
2.8409274
2.8769634
3.1816804
3.3530529
3.4615242
4.8164163
5.3502297
5.3320117
4.487342
4.7798676
4.646063
4.6790786
4.954196
4.377542
3.6469638
3.6782174
3.8031104
4.317891
4.7222924
4.8378034
4.736546
4.590447
4.166064
4.4651275
4.415846
4.537913
4.5556297
4.201506
4.168382
3.807226
3.4508715
3.0675051
3.4745572
3.5765383
3.759991
4.1407914
3.9191015
4.172935
4.4391294
4.849586
4.9766126
4.620143
4.561644
4.368158
4.373579
4.456576
4.277571
4.445805
4.5991187
4.483996
4.817512
4.9519362
5.4297795
5.6925116
6.3741226
6.339583
6.1739745
6.1819434
6.159744
6.1327333
5.201547
5.2011533
5.131328
4.856251
3.9494376
3.8945563
3.6799812
3.5028067
3.3483965
3.315365
3.29156
3.7952368
3.4637933
3.5892355
3.529246
3.484792
3.45957
3.7343109
3.8051054
3.9477801
4.112871
4.1367183
3.9321368
3.7975554
3.8366187
3.6503193
3.6818817
3.9690437
4.250915
3.8533092
3.6199083
2.9751868
1.9834583
2.9986112
2.9121475
2.9245834
2.4518418
2.3815615
2.8684418
3.3895895
2.4990146
4.4705253
4.502019
4.9476085
5.2475405
5.4276385
